1 	 2014 11 26 	 10 08 40 798 
1 	 2014 11 26 	 10 08 40 831 
1 	 2014 11 26 	 10 08 40 864 
1 	 2014 11 26 	 10 08 58 700 
1 	 2014 11 26 	 10 08 58 733 
1 	 2014 11 26 	 10 08 58 764 
1 	 2014 11 26 	 10 08 58 797 
1 	 2014 11 26 	 10 08 58 830 
1 	 2014 11 26 	 10 09 01 598 
1 	 2014 11 26 	 10 09 01 631 
1 	 2014 11 26 	 10 09 01 664 
1 	 2014 11 26 	 10 09 02 331 
1 	 2014 11 26 	 10 09 13 265 
1 	 2014 11 26 	 10 09 13 299 
1 	 2014 11 26 	 10 09 13 332 
1 	 2014 11 26 	 10 09 18 865 
1 	 2014 11 26 	 10 09 18 898 
1 	 2014 11 26 	 10 09 18 931 
1 	 2014 11 26 	 10 09 18 964 
1 	 2014 11 26 	 10 09 18 998 
1 	 2014 11 26 	 10 09 19 031 
1 	 2014 11 26 	 10 14 32 702 
1 	 2014 11 26 	 10 14 32 769 
1 	 2014 11 26 	 10 14 32 803 
1 	 2014 11 26 	 10 14 32 835 
1 	 2014 11 26 	 10 14 32 869 
1 	 2014 11 26 	 10 14 32 902 
1 	 2014 11 26 	 10 14 32 938 
1 	 2014 11 26 	 10 14 32 968 
1 	 2014 11 26 	 10 14 34 003 
1 	 2014 11 26 	 10 14 37 105 
1 	 2014 11 26 	 10 14 37 136 
1 	 2014 11 26 	 10 14 37 169 
1 	 2014 11 26 	 10 14 37 205 
1 	 2014 11 26 	 10 18 23 041 
1 	 2014 11 26 	 10 18 23 073 
2 	 2014 11 27 	 03 34 01 960 
2 	 2014 11 27 	 03 34 17 627 
2 	 2014 11 27 	 03 34 33 995 
2 	 2014 11 27 	 03 34 56 663 
2 	 2014 11 27 	 03 34 56 728 
2 	 2014 11 27 	 03 34 56 797 
2 	 2014 11 27 	 03 34 56 858 
2 	 2014 11 27 	 03 34 56 926 
3 	 2014 11 27 	 12 12 25 541 
3 	 2014 11 27 	 12 12 25 609 
3 	 2014 11 27 	 12 12 25 674 
3 	 2014 11 27 	 12 12 25 745 
3 	 2014 11 27 	 12 12 25 809 
3 	 2014 11 27 	 12 12 34 475 
3 	 2014 11 27 	 12 13 24 278 
