2 	 2015 01 16 	 03 58 58 374 
2 	 2015 01 16 	 03 58 58 911 
2 	 2015 01 16 	 03 58 58 982 
2 	 2015 01 16 	 03 59 24 714 
2 	 2015 01 16 	 03 59 24 782 
2 	 2015 01 16 	 03 59 24 846 
2 	 2015 01 16 	 04 01 18 382 
2 	 2015 01 16 	 04 01 18 453 
2 	 2015 01 16 	 04 01 18 516 
2 	 2015 01 16 	 04 01 18 582 
2 	 2015 01 16 	 04 01 18 649 
2 	 2015 01 16 	 04 01 18 717 
2 	 2015 01 16 	 04 04 40 048 
2 	 2015 01 16 	 04 04 47 450 
2 	 2015 01 16 	 04 07 26 589 
3 	 2015 01 16 	 12 13 17 558 
3 	 2015 01 16 	 12 13 29 294 
3 	 2015 01 16 	 12 13 29 361 
3 	 2015 01 16 	 12 13 29 427 
3 	 2015 01 16 	 12 13 29 494 
3 	 2015 01 16 	 12 13 29 562 
3 	 2015 01 16 	 12 13 29 630 
3 	 2015 01 16 	 12 13 29 694 
3 	 2015 01 16 	 12 13 33 695 
3 	 2015 01 16 	 12 13 33 760 
3 	 2015 01 16 	 12 17 01 298 
3 	 2015 01 16 	 12 17 01 368 
3 	 2015 01 16 	 12 17 51 503 
3 	 2015 01 16 	 12 17 51 565 
3 	 2015 01 16 	 12 17 51 634 
3 	 2015 01 16 	 12 17 51 699 
3 	 2015 01 16 	 12 17 51 770 
3 	 2015 01 16 	 12 21 23 438 
