1 	 2014 12 13 	 10 34 17 041 
1 	 2014 12 13 	 10 34 25 307 
1 	 2014 12 13 	 10 36 08 207 
1 	 2014 12 13 	 10 37 06 408 
1 	 2014 12 13 	 10 37 06 442 
1 	 2014 12 13 	 10 37 06 477 
1 	 2014 12 13 	 10 37 06 511 
1 	 2014 12 13 	 10 37 06 544 
1 	 2014 12 13 	 10 37 06 575 
1 	 2014 12 13 	 10 37 06 609 
1 	 2014 12 13 	 10 37 06 643 
1 	 2014 12 13 	 10 37 21 908 
1 	 2014 12 13 	 10 37 21 975 
1 	 2014 12 13 	 10 37 22 009 
1 	 2014 12 13 	 10 40 18 879 
1 	 2014 12 13 	 10 40 18 911 
1 	 2014 12 13 	 10 40 18 945 
2 	 2014 12 14 	 04 00 04 915 
2 	 2014 12 14 	 04 00 34 383 
2 	 2014 12 14 	 04 02 25 184 
2 	 2014 12 14 	 04 02 25 251 
2 	 2014 12 14 	 04 02 25 314 
2 	 2014 12 14 	 04 02 25 380 
2 	 2014 12 14 	 04 02 25 451 
2 	 2014 12 14 	 04 02 25 516 
2 	 2014 12 14 	 04 02 25 581 
2 	 2014 12 14 	 04 05 41 189 
2 	 2014 12 14 	 04 05 42 056 
2 	 2014 12 14 	 04 05 42 124 
2 	 2014 12 14 	 04 05 42 190 
2 	 2014 12 14 	 04 05 42 256 
2 	 2014 12 14 	 04 05 42 323 
2 	 2014 12 14 	 04 05 42 389 
2 	 2014 12 14 	 04 05 43 122 
2 	 2014 12 14 	 04 05 44 389 
2 	 2014 12 14 	 04 05 44 456 
2 	 2014 12 14 	 04 05 44 523 
3 	 2014 12 14 	 12 02 19 895 
3 	 2014 12 14 	 12 02 19 955 
3 	 2014 12 14 	 12 02 20 026 
3 	 2014 12 14 	 12 02 26 621 
3 	 2014 12 14 	 12 03 32 293 
3 	 2014 12 14 	 12 03 49 627 
3 	 2014 12 14 	 12 03 49 692 
3 	 2014 12 14 	 12 03 49 759 
3 	 2014 12 14 	 12 03 49 826 
3 	 2014 12 14 	 12 03 49 894 
3 	 2014 12 14 	 12 03 49 958 
3 	 2014 12 14 	 12 03 50 027 
3 	 2014 12 14 	 12 07 00 759 
3 	 2014 12 14 	 12 07 01 100 
3 	 2014 12 14 	 12 07 01 631 
3 	 2014 12 14 	 12 07 05 160 
3 	 2014 12 14 	 12 07 05 231 
3 	 2014 12 14 	 12 07 07 897 
3 	 2014 12 14 	 12 07 08 031 
3 	 2014 12 14 	 12 07 59 827 
