2 	 2015 01 30 	 04 03 02 669 
2 	 2015 01 30 	 04 03 02 935 
2 	 2015 01 30 	 04 03 03 069 
2 	 2015 01 30 	 04 03 03 136 
2 	 2015 01 30 	 04 03 03 202 
2 	 2015 01 30 	 04 03 03 269 
2 	 2015 01 30 	 04 03 03 338 
2 	 2015 01 30 	 04 03 03 470 
2 	 2015 01 30 	 04 03 03 637 
2 	 2015 01 30 	 04 03 03 670 
2 	 2015 01 30 	 04 03 03 704 
2 	 2015 01 30 	 04 03 03 969 
2 	 2015 01 30 	 04 03 04 202 
2 	 2015 01 30 	 04 03 04 369 
2 	 2015 01 30 	 04 03 04 537 
2 	 2015 01 30 	 04 03 04 703 
2 	 2015 01 30 	 04 03 17 635 
2 	 2015 01 30 	 04 03 17 669 
2 	 2015 01 30 	 04 03 17 701 
2 	 2015 01 30 	 04 03 17 735 
2 	 2015 01 30 	 04 03 17 769 
2 	 2015 01 30 	 04 03 17 801 
2 	 2015 01 30 	 04 03 17 835 
2 	 2015 01 30 	 04 03 17 868 
2 	 2015 01 30 	 04 03 17 901 
2 	 2015 01 30 	 04 03 17 936 
2 	 2015 01 30 	 04 03 36 670 
2 	 2015 01 30 	 04 03 36 769 
2 	 2015 01 30 	 04 03 36 804 
2 	 2015 01 30 	 04 03 36 836 
2 	 2015 01 30 	 04 03 36 869 
2 	 2015 01 30 	 04 05 50 705 
2 	 2015 01 30 	 04 06 46 006 
2 	 2015 01 30 	 04 06 46 539 
2 	 2015 01 30 	 04 06 46 774 
2 	 2015 01 30 	 04 06 46 806 
2 	 2015 01 30 	 04 06 47 007 
2 	 2015 01 30 	 04 06 47 106 
2 	 2015 01 30 	 04 06 53 207 
3 	 2015 01 30 	 11 40 27 079 
3 	 2015 01 30 	 11 40 27 110 
3 	 2015 01 30 	 11 40 28 245 
3 	 2015 01 30 	 11 40 28 746 
3 	 2015 01 30 	 11 42 07 785 
3 	 2015 01 30 	 11 44 39 086 
3 	 2015 01 30 	 11 44 40 185 
3 	 2015 01 30 	 11 44 40 352 
3 	 2015 01 30 	 11 44 40 452 
