1 	 2015 02 06 	 10 08 58 717 
1 	 2015 02 06 	 10 08 59 185 
1 	 2015 02 06 	 10 09 00 550 
1 	 2015 02 06 	 10 09 02 684 
1 	 2015 02 06 	 10 09 02 717 
1 	 2015 02 06 	 10 09 02 750 
1 	 2015 02 06 	 10 09 02 784 
1 	 2015 02 06 	 10 09 02 817 
1 	 2015 02 06 	 10 09 02 849 
1 	 2015 02 06 	 10 09 02 885 
1 	 2015 02 06 	 10 09 02 917 
1 	 2015 02 06 	 10 09 02 950 
1 	 2015 02 06 	 10 09 52 785 
1 	 2015 02 06 	 10 09 52 817 
1 	 2015 02 06 	 10 09 52 851 
1 	 2015 02 06 	 10 09 52 886 
1 	 2015 02 06 	 10 09 52 919 
1 	 2015 02 06 	 10 09 52 952 
1 	 2015 02 06 	 10 09 52 985 
1 	 2015 02 06 	 10 09 53 019 
1 	 2015 02 06 	 10 09 53 052 
1 	 2015 02 06 	 10 09 53 350 
1 	 2015 02 06 	 10 09 53 417 
1 	 2015 02 06 	 10 09 53 750 
1 	 2015 02 06 	 10 09 53 786 
1 	 2015 02 06 	 10 09 53 820 
1 	 2015 02 06 	 10 09 53 852 
1 	 2015 02 06 	 10 09 54 018 
1 	 2015 02 06 	 10 09 54 086 
1 	 2015 02 06 	 10 09 54 186 
1 	 2015 02 06 	 10 09 55 617 
1 	 2015 02 06 	 10 09 55 650 
1 	 2015 02 06 	 10 11 49 987 
1 	 2015 02 06 	 10 11 50 020 
1 	 2015 02 06 	 10 11 50 053 
1 	 2015 02 06 	 10 11 50 087 
1 	 2015 02 06 	 10 11 50 120 
1 	 2015 02 06 	 10 11 50 153 
1 	 2015 02 06 	 10 11 50 187 
1 	 2015 02 06 	 10 11 50 220 
1 	 2015 02 06 	 10 11 50 253 
1 	 2015 02 06 	 10 11 50 287 
1 	 2015 02 06 	 10 11 50 321 
1 	 2015 02 06 	 10 11 50 686 
1 	 2015 02 06 	 10 15 14 992 
1 	 2015 02 06 	 10 15 15 957 
1 	 2015 02 06 	 10 15 17 091 
1 	 2015 02 06 	 10 15 17 189 
1 	 2015 02 06 	 10 15 17 490 
1 	 2015 02 06 	 10 15 18 093 
1 	 2015 02 06 	 10 15 26 057 
1 	 2015 02 06 	 10 15 27 725 
1 	 2015 02 06 	 10 15 30 724 
1 	 2015 02 06 	 10 15 34 391 
1 	 2015 02 06 	 10 15 36 725 
1 	 2015 02 06 	 10 18 57 126 
1 	 2015 02 06 	 10 18 57 162 
1 	 2015 02 06 	 10 18 57 194 
1 	 2015 02 06 	 10 18 57 227 
1 	 2015 02 06 	 10 18 57 259 
2 	 2015 02 07 	 03 34 51 212 
2 	 2015 02 07 	 03 34 51 244 
2 	 2015 02 07 	 03 34 51 277 
2 	 2015 02 07 	 03 34 51 312 
2 	 2015 02 07 	 03 34 51 344 
2 	 2015 02 07 	 03 41 51 251 
3 	 2015 02 07 	 12 03 02 559 
3 	 2015 02 07 	 12 03 03 192 
3 	 2015 02 07 	 12 03 06 693 
3 	 2015 02 07 	 12 03 54 260 
3 	 2015 02 07 	 12 03 54 527 
3 	 2015 02 07 	 12 03 54 565 
3 	 2015 02 07 	 12 03 54 660 
3 	 2015 02 07 	 12 03 56 461 
3 	 2015 02 07 	 12 04 54 628 
3 	 2015 02 07 	 12 07 14 333 
3 	 2015 02 07 	 12 07 18 930 
3 	 2015 02 07 	 12 10 54 600 
3 	 2015 02 07 	 12 10 54 633 
3 	 2015 02 07 	 12 10 54 666 
3 	 2015 02 07 	 12 10 54 699 
