1 	 2015 01 29 	 10 40 04 427 
1 	 2015 01 29 	 10 40 05 261 
1 	 2015 01 29 	 10 40 38 532 
1 	 2015 01 29 	 10 40 38 567 
1 	 2015 01 29 	 10 40 38 598 
1 	 2015 01 29 	 10 40 38 632 
1 	 2015 01 29 	 10 40 38 666 
1 	 2015 01 29 	 10 40 38 699 
1 	 2015 01 29 	 10 40 38 732 
1 	 2015 01 29 	 10 40 38 766 
1 	 2015 01 29 	 10 40 38 799 
1 	 2015 01 29 	 10 40 38 834 
1 	 2015 01 29 	 10 40 38 865 
1 	 2015 01 29 	 10 40 38 897 
1 	 2015 01 29 	 10 40 38 933 
1 	 2015 01 29 	 10 45 37 704 
1 	 2015 01 29 	 10 45 37 737 
1 	 2015 01 29 	 10 45 37 770 
1 	 2015 01 29 	 10 45 37 803 
1 	 2015 01 29 	 10 45 37 836 
1 	 2015 01 29 	 10 45 37 869 
1 	 2015 01 29 	 10 45 37 903 
1 	 2015 01 29 	 10 45 37 937 
1 	 2015 01 29 	 10 45 37 970 
1 	 2015 01 29 	 10 45 38 004 
1 	 2015 01 29 	 10 46 49 804 
1 	 2015 01 29 	 10 46 50 204 
3 	 2015 01 30 	 11 55 54 324 
3 	 2015 01 30 	 11 55 54 391 
3 	 2015 01 30 	 11 55 55 158 
3 	 2015 01 30 	 11 55 55 493 
3 	 2015 01 30 	 11 55 55 692 
3 	 2015 01 30 	 11 55 55 992 
3 	 2015 01 30 	 11 55 56 260 
3 	 2015 01 30 	 11 55 56 426 
3 	 2015 01 30 	 11 55 56 492 
3 	 2015 01 30 	 11 55 56 591 
3 	 2015 01 30 	 11 55 56 625 
3 	 2015 01 30 	 11 55 56 659 
3 	 2015 01 30 	 11 55 56 691 
3 	 2015 01 30 	 11 56 28 695 
3 	 2015 01 30 	 11 56 28 729 
3 	 2015 01 30 	 11 56 28 763 
3 	 2015 01 30 	 11 56 28 796 
3 	 2015 01 30 	 11 56 28 829 
3 	 2015 01 30 	 11 56 28 864 
3 	 2015 01 30 	 11 58 47 700 
3 	 2015 01 30 	 11 58 47 731 
3 	 2015 01 30 	 11 58 47 764 
3 	 2015 01 30 	 11 58 47 797 
3 	 2015 01 30 	 11 58 47 830 
3 	 2015 01 30 	 11 58 47 865 
3 	 2015 01 30 	 11 58 47 897 
3 	 2015 01 30 	 11 58 47 932 
3 	 2015 01 30 	 11 58 47 964 
3 	 2015 01 30 	 11 58 47 999 
3 	 2015 01 30 	 11 59 48 898 
3 	 2015 01 30 	 11 59 48 933 
3 	 2015 01 30 	 11 59 48 966 
3 	 2015 01 30 	 11 59 48 998 
3 	 2015 01 30 	 11 59 49 167 
3 	 2015 01 30 	 12 00 24 166 
3 	 2015 01 30 	 12 00 24 200 
3 	 2015 01 30 	 12 00 24 232 
3 	 2015 01 30 	 12 00 24 267 
3 	 2015 01 30 	 12 00 25 998 
3 	 2015 01 30 	 12 01 29 033 
3 	 2015 01 30 	 12 04 55 170 
3 	 2015 01 30 	 12 04 55 203 
3 	 2015 01 30 	 12 04 55 237 
