1 	 2015 01 26 	 11 03 57 907 
1 	 2015 01 26 	 11 03 58 439 
1 	 2015 01 26 	 11 03 59 041 
1 	 2015 01 26 	 11 03 59 741 
1 	 2015 01 26 	 11 03 59 906 
1 	 2015 01 26 	 11 04 00 040 
1 	 2015 01 26 	 11 04 00 106 
1 	 2015 01 26 	 11 04 00 141 
1 	 2015 01 26 	 11 04 00 173 
1 	 2015 01 26 	 11 04 00 206 
1 	 2015 01 26 	 11 04 00 240 
1 	 2015 01 26 	 11 04 00 273 
1 	 2015 01 26 	 11 04 00 307 
1 	 2015 01 26 	 11 04 00 773 
1 	 2015 01 26 	 11 04 14 539 
1 	 2015 01 26 	 11 04 31 206 
1 	 2015 01 26 	 11 04 47 907 
1 	 2015 01 26 	 11 05 04 678 
1 	 2015 01 26 	 11 05 38 810 
1 	 2015 01 26 	 11 05 38 843 
1 	 2015 01 26 	 11 05 38 875 
1 	 2015 01 26 	 11 05 38 910 
1 	 2015 01 26 	 11 05 38 942 
1 	 2015 01 26 	 11 05 38 975 
1 	 2015 01 26 	 11 05 39 010 
1 	 2015 01 26 	 11 05 39 040 
1 	 2015 01 26 	 11 05 39 074 
1 	 2015 01 26 	 11 06 45 208 
1 	 2015 01 26 	 11 06 45 443 
1 	 2015 01 26 	 11 06 45 475 
1 	 2015 01 26 	 11 06 45 508 
1 	 2015 01 26 	 11 06 45 543 
1 	 2015 01 26 	 11 06 45 576 
1 	 2015 01 26 	 11 06 45 608 
1 	 2015 01 26 	 11 06 45 644 
1 	 2015 01 26 	 11 06 45 676 
1 	 2015 01 26 	 11 07 18 908 
1 	 2015 01 26 	 11 13 28 516 
1 	 2015 01 26 	 11 13 28 817 
1 	 2015 01 26 	 11 13 28 949 
2 	 2015 01 27 	 03 39 21 497 
2 	 2015 01 27 	 03 39 44 763 
2 	 2015 01 27 	 03 41 34 762 
2 	 2015 01 27 	 03 48 23 175 
2 	 2015 01 27 	 03 48 26 508 
3 	 2015 01 27 	 12 06 22 108 
3 	 2015 01 27 	 12 08 33 754 
3 	 2015 01 27 	 12 09 40 759 
3 	 2015 01 27 	 12 09 40 822 
3 	 2015 01 27 	 12 09 40 902 
3 	 2015 01 27 	 12 10 48 430 
3 	 2015 01 27 	 12 10 48 558 
3 	 2015 01 27 	 12 11 56 432 
3 	 2015 01 27 	 12 11 56 496 
3 	 2015 01 27 	 12 11 56 557 
3 	 2015 01 27 	 12 11 56 632 
3 	 2015 01 27 	 12 11 56 697 
3 	 2015 01 27 	 12 16 20 441 
