1 	 2014 11 26 	 10 57 21 140 
1 	 2014 11 26 	 10 57 21 174 
1 	 2014 11 26 	 10 57 24 508 
1 	 2014 11 26 	 10 57 24 540 
1 	 2014 11 26 	 10 57 24 574 
1 	 2014 11 26 	 10 59 04 341 
1 	 2014 11 26 	 10 59 04 376 
1 	 2014 11 26 	 10 59 04 408 
1 	 2014 11 26 	 10 59 04 441 
1 	 2014 11 26 	 10 59 04 476 
1 	 2014 11 26 	 10 59 04 511 
1 	 2014 11 26 	 10 59 04 541 
1 	 2014 11 26 	 10 59 04 576 
1 	 2014 11 26 	 11 01 09 743 
1 	 2014 11 26 	 11 02 16 911 
1 	 2014 11 26 	 11 02 16 944 
1 	 2014 11 26 	 11 02 16 978 
1 	 2014 11 26 	 11 02 17 011 
1 	 2014 11 26 	 11 05 38 006 
1 	 2014 11 26 	 11 07 15 084 
2 	 2014 11 27 	 03 52 13 245 
3 	 2014 11 27 	 12 19 13 581 
3 	 2014 11 27 	 12 19 14 782 
3 	 2014 11 27 	 12 19 14 850 
3 	 2014 11 27 	 12 19 14 915 
3 	 2014 11 27 	 12 19 14 983 
3 	 2014 11 27 	 12 28 08 257 
3 	 2014 11 27 	 12 28 08 321 
3 	 2014 11 27 	 12 28 08 790 
3 	 2014 11 27 	 12 28 08 852 
3 	 2014 11 27 	 12 28 08 922 
