1 	 2015 02 17 	 10 24 43 747 
1 	 2015 02 17 	 10 24 43 835 
1 	 2015 02 17 	 10 24 45 467 
1 	 2015 02 17 	 10 24 45 500 
1 	 2015 02 17 	 10 24 45 535 
1 	 2015 02 17 	 10 24 45 567 
1 	 2015 02 17 	 10 24 45 600 
1 	 2015 02 17 	 10 24 45 635 
1 	 2015 02 17 	 10 26 21 602 
1 	 2015 02 17 	 10 26 21 635 
1 	 2015 02 17 	 10 26 21 670 
1 	 2015 02 17 	 10 26 21 704 
1 	 2015 02 17 	 10 26 23 903 
1 	 2015 02 17 	 10 28 25 703 
1 	 2015 02 17 	 10 28 25 739 
1 	 2015 02 17 	 10 28 25 771 
1 	 2015 02 17 	 10 28 25 838 
1 	 2015 02 17 	 10 28 25 870 
1 	 2015 02 17 	 10 29 12 571 
1 	 2015 02 17 	 10 29 12 606 
1 	 2015 02 17 	 10 31 35 640 
1 	 2015 02 17 	 10 31 35 907 
1 	 2015 02 17 	 10 33 11 875 
1 	 2015 02 17 	 10 33 11 944 
1 	 2015 02 17 	 10 34 43 677 
2 	 2015 02 18 	 03 31 14 154 
2 	 2015 02 18 	 03 31 14 757 
2 	 2015 02 18 	 03 31 16 758 
2 	 2015 02 18 	 03 31 19 760 
2 	 2015 02 18 	 03 31 28 125 
2 	 2015 02 18 	 03 31 28 158 
2 	 2015 02 18 	 03 31 28 191 
2 	 2015 02 18 	 03 31 28 224 
2 	 2015 02 18 	 03 31 28 258 
2 	 2015 02 18 	 03 31 30 025 
2 	 2015 02 18 	 03 31 33 224 
2 	 2015 02 18 	 03 31 33 258 
2 	 2015 02 18 	 03 31 33 291 
2 	 2015 02 18 	 03 31 33 324 
2 	 2015 02 18 	 03 31 33 358 
2 	 2015 02 18 	 03 31 33 391 
2 	 2015 02 18 	 03 31 33 423 
2 	 2015 02 18 	 03 32 21 694 
2 	 2015 02 18 	 03 38 05 398 
2 	 2015 02 18 	 03 38 05 564 
2 	 2015 02 18 	 03 38 05 597 
2 	 2015 02 18 	 03 38 05 866 
2 	 2015 02 18 	 03 38 05 899 
2 	 2015 02 18 	 03 38 05 932 
2 	 2015 02 18 	 03 38 05 965 
2 	 2015 02 18 	 03 38 05 998 
2 	 2015 02 18 	 03 38 41 700 
2 	 2015 02 18 	 03 38 44 599 
2 	 2015 02 18 	 03 41 07 301 
2 	 2015 02 18 	 03 41 07 334 
2 	 2015 02 18 	 03 41 07 367 
2 	 2015 02 18 	 03 41 07 400 
2 	 2015 02 18 	 03 41 07 501 
3 	 2015 02 18 	 12 12 07 802 
3 	 2015 02 18 	 12 12 09 168 
3 	 2015 02 18 	 12 12 09 201 
3 	 2015 02 18 	 12 12 10 768 
3 	 2015 02 18 	 12 12 20 400 
3 	 2015 02 18 	 12 12 20 433 
3 	 2015 02 18 	 12 12 20 468 
3 	 2015 02 18 	 12 12 20 502 
3 	 2015 02 18 	 12 16 02 371 
3 	 2015 02 18 	 12 16 02 504 
3 	 2015 02 18 	 12 16 02 605 
3 	 2015 02 18 	 12 16 02 704 
3 	 2015 02 18 	 12 16 02 738 
3 	 2015 02 18 	 12 16 02 771 
3 	 2015 02 18 	 12 16 02 804 
3 	 2015 02 18 	 12 16 02 838 
3 	 2015 02 18 	 12 16 02 871 
3 	 2015 02 18 	 12 16 02 971 
3 	 2015 02 18 	 12 16 03 371 
3 	 2015 02 18 	 12 19 36 807 
3 	 2015 02 18 	 12 21 21 310 
3 	 2015 02 18 	 12 21 21 345 
3 	 2015 02 18 	 12 21 22 076 
3 	 2015 02 18 	 12 21 22 578 
3 	 2015 02 18 	 12 22 00 345 
