1 	 2014 12 13 	 09 50 39 701 
1 	 2014 12 13 	 09 50 40 335 
1 	 2014 12 13 	 09 50 41 135 
1 	 2014 12 13 	 09 50 41 167 
1 	 2014 12 13 	 09 50 41 201 
1 	 2014 12 13 	 09 50 41 234 
1 	 2014 12 13 	 09 50 41 270 
1 	 2014 12 13 	 09 50 41 301 
1 	 2014 12 13 	 09 50 50 035 
1 	 2014 12 13 	 09 50 55 368 
1 	 2014 12 13 	 09 50 56 135 
1 	 2014 12 13 	 09 50 56 169 
1 	 2014 12 13 	 09 50 56 201 
1 	 2014 12 13 	 09 50 56 236 
1 	 2014 12 13 	 09 50 56 268 
1 	 2014 12 13 	 09 50 56 301 
1 	 2014 12 13 	 09 50 56 335 
1 	 2014 12 13 	 09 52 22 537 
1 	 2014 12 13 	 09 52 22 570 
1 	 2014 12 13 	 09 52 22 603 
1 	 2014 12 13 	 09 52 22 637 
1 	 2014 12 13 	 09 52 22 669 
2 	 2014 12 14 	 03 43 16 810 
2 	 2014 12 14 	 03 43 27 086 
2 	 2014 12 14 	 03 43 52 011 
2 	 2014 12 14 	 03 43 52 081 
2 	 2014 12 14 	 03 43 52 150 
2 	 2014 12 14 	 03 43 52 215 
2 	 2014 12 14 	 03 43 52 279 
2 	 2014 12 14 	 03 43 52 950 
2 	 2014 12 14 	 03 43 53 017 
2 	 2014 12 14 	 03 43 53 081 
2 	 2014 12 14 	 03 43 53 151 
2 	 2014 12 14 	 03 43 53 215 
2 	 2014 12 14 	 03 45 38 205 
2 	 2014 12 14 	 03 45 39 273 
2 	 2014 12 14 	 03 46 45 809 
2 	 2014 12 14 	 03 53 03 346 
3 	 2014 12 14 	 11 48 13 968 
3 	 2014 12 14 	 11 48 45 165 
3 	 2014 12 14 	 11 48 45 771 
3 	 2014 12 14 	 11 48 46 769 
3 	 2014 12 14 	 11 48 50 440 
3 	 2014 12 14 	 11 49 00 433 
3 	 2014 12 14 	 11 53 27 641 
3 	 2014 12 14 	 11 53 28 641 
3 	 2014 12 14 	 11 53 29 100 
