1 	 2015 02 07 	 10 29 28 316 
1 	 2015 02 07 	 10 29 28 841 
1 	 2015 02 07 	 10 29 28 911 
1 	 2015 02 07 	 10 29 29 942 
1 	 2015 02 07 	 10 29 30 076 
1 	 2015 02 07 	 10 29 30 209 
1 	 2015 02 07 	 10 29 35 210 
1 	 2015 02 07 	 10 29 35 342 
1 	 2015 02 07 	 10 29 41 012 
1 	 2015 02 07 	 10 30 57 346 
1 	 2015 02 07 	 10 30 57 611 
1 	 2015 02 07 	 10 31 16 110 
1 	 2015 02 07 	 10 31 16 179 
1 	 2015 02 07 	 10 31 16 245 
1 	 2015 02 07 	 10 31 45 316 
1 	 2015 02 07 	 10 32 05 812 
1 	 2015 02 07 	 10 32 05 946 
1 	 2015 02 07 	 10 32 16 145 
1 	 2015 02 07 	 10 36 43 783 
1 	 2015 02 07 	 10 38 24 451 
1 	 2015 02 07 	 10 38 24 684 
2 	 2015 02 08 	 03 52 52 592 
2 	 2015 02 08 	 03 52 52 993 
2 	 2015 02 08 	 03 53 01 096 
2 	 2015 02 08 	 03 53 09 264 
2 	 2015 02 08 	 03 53 14 196 
2 	 2015 02 08 	 03 53 16 596 
2 	 2015 02 08 	 03 53 16 630 
2 	 2015 02 08 	 03 53 16 663 
2 	 2015 02 08 	 03 53 16 696 
2 	 2015 02 08 	 03 53 16 730 
2 	 2015 02 08 	 03 53 16 763 
2 	 2015 02 08 	 03 53 16 799 
2 	 2015 02 08 	 03 53 16 863 
2 	 2015 02 08 	 03 53 16 898 
2 	 2015 02 08 	 03 53 59 397 
