1 	 2014 12 08 	 10 08 58 966 
1 	 2014 12 08 	 10 08 59 099 
1 	 2014 12 08 	 10 08 59 700 
1 	 2014 12 08 	 10 09 00 433 
1 	 2014 12 08 	 10 09 18 633 
1 	 2014 12 08 	 10 09 18 701 
1 	 2014 12 08 	 10 09 18 770 
1 	 2014 12 08 	 10 09 18 800 
1 	 2014 12 08 	 10 09 18 867 
1 	 2014 12 08 	 10 09 18 902 
1 	 2014 12 08 	 10 09 18 967 
2 	 2014 12 09 	 03 40 59 310 
2 	 2014 12 09 	 03 41 13 037 
2 	 2014 12 09 	 03 41 13 105 
2 	 2014 12 09 	 03 41 13 171 
3 	 2014 12 09 	 12 08 45 158 
3 	 2014 12 09 	 12 08 45 225 
3 	 2014 12 09 	 12 08 45 292 
3 	 2014 12 09 	 12 11 54 429 
3 	 2014 12 09 	 12 11 56 091 
3 	 2014 12 09 	 12 11 56 161 
3 	 2014 12 09 	 12 11 56 230 
3 	 2014 12 09 	 12 11 56 295 
3 	 2014 12 09 	 12 11 56 364 
3 	 2014 12 09 	 12 11 56 429 
3 	 2014 12 09 	 12 11 56 497 
3 	 2014 12 09 	 12 11 56 561 
3 	 2014 12 09 	 12 12 06 765 
3 	 2014 12 09 	 12 12 06 827 
3 	 2014 12 09 	 12 12 06 896 
3 	 2014 12 09 	 12 12 07 032 
3 	 2014 12 09 	 12 12 07 096 
3 	 2014 12 09 	 12 12 07 362 
