1 	 2015 01 15 	 10 40 07 593 
1 	 2015 01 15 	 10 40 10 014 
1 	 2015 01 15 	 10 40 16 348 
1 	 2015 01 15 	 10 40 16 517 
1 	 2015 01 15 	 10 40 16 614 
1 	 2015 01 15 	 10 40 22 815 
1 	 2015 01 15 	 10 40 29 149 
1 	 2015 01 15 	 10 40 29 217 
1 	 2015 01 15 	 10 40 29 249 
1 	 2015 01 15 	 10 40 29 281 
1 	 2015 01 15 	 10 40 29 315 
1 	 2015 01 15 	 10 40 29 351 
1 	 2015 01 15 	 10 40 29 383 
1 	 2015 01 15 	 10 46 59 255 
1 	 2015 01 15 	 10 46 59 287 
1 	 2015 01 15 	 10 46 59 320 
1 	 2015 01 15 	 10 46 59 354 
1 	 2015 01 15 	 10 46 59 388 
1 	 2015 01 15 	 10 46 59 422 
1 	 2015 01 15 	 10 46 59 455 
1 	 2015 01 15 	 10 46 59 656 
1 	 2015 01 15 	 10 46 59 721 
2 	 2015 01 16 	 03 42 13 729 
2 	 2015 01 16 	 03 42 25 800 
2 	 2015 01 16 	 03 42 25 864 
2 	 2015 01 16 	 03 42 28 202 
2 	 2015 01 16 	 03 42 28 667 
2 	 2015 01 16 	 03 42 28 934 
2 	 2015 01 16 	 03 42 29 198 
2 	 2015 01 16 	 03 42 29 666 
2 	 2015 01 16 	 03 42 30 267 
2 	 2015 01 16 	 03 42 30 735 
2 	 2015 01 16 	 03 42 31 197 
2 	 2015 01 16 	 03 42 31 534 
2 	 2015 01 16 	 03 42 32 335 
2 	 2015 01 16 	 03 42 32 467 
2 	 2015 01 16 	 03 42 32 735 
2 	 2015 01 16 	 03 42 50 400 
2 	 2015 01 16 	 03 42 59 266 
2 	 2015 01 16 	 03 42 59 599 
2 	 2015 01 16 	 03 42 59 730 
2 	 2015 01 16 	 03 43 00 067 
