1 	 2015 02 06 	 10 24 30 030 
1 	 2015 02 06 	 10 24 32 598 
1 	 2015 02 06 	 10 24 32 631 
1 	 2015 02 06 	 10 24 32 663 
1 	 2015 02 06 	 10 24 32 697 
1 	 2015 02 06 	 10 24 32 732 
1 	 2015 02 06 	 10 24 32 764 
1 	 2015 02 06 	 10 24 32 798 
1 	 2015 02 06 	 10 24 32 831 
1 	 2015 02 06 	 10 24 32 865 
1 	 2015 02 06 	 10 24 32 898 
1 	 2015 02 06 	 10 24 32 930 
1 	 2015 02 06 	 10 24 32 963 
1 	 2015 02 06 	 10 25 42 632 
1 	 2015 02 06 	 10 25 42 699 
1 	 2015 02 06 	 10 25 42 732 
1 	 2015 02 06 	 10 25 42 801 
1 	 2015 02 06 	 10 25 44 233 
1 	 2015 02 06 	 10 25 44 598 
1 	 2015 02 06 	 10 26 39 799 
1 	 2015 02 06 	 10 26 39 932 
1 	 2015 02 06 	 10 26 40 333 
1 	 2015 02 06 	 10 28 27 968 
1 	 2015 02 06 	 10 28 28 001 
1 	 2015 02 06 	 10 28 28 034 
1 	 2015 02 06 	 10 28 28 067 
1 	 2015 02 06 	 10 28 28 101 
1 	 2015 02 06 	 10 28 31 401 
1 	 2015 02 06 	 10 28 31 934 
1 	 2015 02 06 	 10 28 33 967 
1 	 2015 02 06 	 10 28 34 933 
1 	 2015 02 06 	 10 28 59 101 
1 	 2015 02 06 	 10 28 59 169 
1 	 2015 02 06 	 10 28 59 235 
1 	 2015 02 06 	 10 29 58 970 
1 	 2015 02 06 	 10 29 59 003 
1 	 2015 02 06 	 10 29 59 037 
1 	 2015 02 06 	 10 29 59 070 
1 	 2015 02 06 	 10 31 28 536 
1 	 2015 02 06 	 10 31 28 937 
